weights:
  Q_eta_pos: 157.07815887046533
  Q_eta_psi: 13.656676926407044
  Q_v_surge: 139.0545832458633
  Q_v_sway: 343.42428999358344
  Q_v_yaw: 5.730405723128058
  Q_u: 2.200200563217731
  W_length: 70.19417981578745
  W_p_diff_R: 58.76124475188125
  W_p_diff_Theta: 201.8936952337389
  W_collapse: 143.27430489983783
